All   channel acquired
Date[dd-mm-yy]= 20-10-22   Time= 15:15:17
  time[s]	      Bx[mT]	     By[mT]	      Bz[mT]	     Bmod[mT]
  0.006640	    -0.010	     0.020	    -0.010	     0.024
  0.013280	     0.010	     0.010	     0.010	     0.017
  0.019920	     0.020	     0.000	    -0.010	     0.022
  0.026560	     0.010	    -0.030	    -0.030	     0.044
  0.033200	     0.000	    -0.020	     0.010	     0.022
  0.039840	     0.010	     0.000	     0.010	     0.014
  0.046480	     0.000	    -0.020	    -0.020	     0.028
  0.053120	     0.020	    -0.020	     0.000	     0.028
  0.059760	    -0.010	    -0.010	    -0.030	     0.033
  0.066400	    -0.020	    -0.020	    -0.020	     0.035
  0.073040	     0.000	    -0.020	    -0.060	     0.063
  0.079680	     0.000	     0.010	    -0.010	     0.014
  0.086320	    -0.020	    -0.030	    -0.050	     0.062
  0.092960	    -0.010	    -0.020	     0.020	     0.030
  0.099600	     0.000	    -0.010	    -0.010	     0.014
  0.106240	    -0.020	    -0.010	     0.000	     0.022
  0.112880	     0.010	    -0.010	     0.000	     0.014
  0.119520	    -0.020	     0.010	    -0.010	     0.024
  0.126160	    -0.040	     0.010	     0.000	     0.041
  0.132800	    -0.030	    -0.020	    -0.050	     0.062
  0.139440	     0.010	    -0.010	    -0.020	     0.024
  0.146080	    -0.020	    -0.010	    -0.030	     0.037
  0.152720	     0.000	    -0.020	     0.020	     0.028
  0.159360	    -0.020	    -0.040	    -0.030	     0.054
  0.166000	    -0.010	    -0.030	     0.000	     0.032
  0.172640	    -0.020	    -0.020	    -0.010	     0.030
  0.179280	     0.000	    -0.010	    -0.020	     0.022
  0.185920	     0.000	    -0.050	    -0.050	     0.071
  0.192560	     0.020	    -0.030	    -0.020	     0.041
  0.199200	    -0.020	     0.010	    -0.030	     0.037
  0.205840	     0.010	     0.000	    -0.020	     0.022
  0.212480	     0.020	     0.010	     0.000	     0.022
  0.219120	     0.020	     0.000	    -0.010	     0.022
  0.225760	     0.030	    -0.010	    -0.010	     0.033
  0.232400	    -0.010	    -0.010	    -0.030	     0.033
  0.239040	     0.010	    -0.040	    -0.030	     0.051
  0.245680	    -0.020	     0.000	     0.000	     0.020
  0.252320	     0.030	    -0.030	     0.010	     0.044
  0.258960	    -0.020	     0.010	    -0.010	     0.024
  0.265600	    -0.020	     0.000	     0.000	     0.020
  0.272240	     0.000	    -0.010	     0.000	     0.010
  0.278880	    -0.010	     0.000	    -0.010	     0.014
  0.285520	     0.010	    -0.010	    -0.020	     0.024
  0.292160	     0.000	    -0.030	    -0.020	     0.036
  0.298800	     0.010	     0.000	    -0.010	     0.014
  0.305440	    -0.020	     0.000	    -0.030	     0.036
  0.312080	     0.000	    -0.020	    -0.020	     0.028
  0.318720	     0.000	    -0.020	    -0.010	     0.022
  0.325360	    -0.030	     0.010	     0.010	     0.033
  0.332000	     0.000	     0.020	    -0.010	     0.022
  0.338640	     0.000	     0.000	     0.030	     0.030
  0.345280	     0.000	    -0.030	    -0.030	     0.042
  0.351920	     0.020	    -0.010	    -0.010	     0.024
  0.358560	     0.000	    -0.020	    -0.050	     0.054
  0.365200	     0.000	    -0.040	    -0.010	     0.041
  0.371840	     0.000	    -0.010	    -0.010	     0.014
  0.378480	     0.000	    -0.010	    -0.020	     0.022
  0.385120	     0.010	     0.000	     0.010	     0.014
  0.391760	    -0.010	    -0.030	    -0.030	     0.044
  0.398400	    -0.020	    -0.020	    -0.030	     0.041
  0.405040	     0.000	     0.000	    -0.060	     0.060
  0.411680	     0.000	    -0.010	    -0.010	     0.014
  0.418320	    -0.010	    -0.010	    -0.030	     0.033
  0.424960	     0.010	    -0.040	    -0.020	     0.046
  0.431600	    -0.020	    -0.010	    -0.020	     0.030
  0.438240	     0.010	    -0.010	    -0.030	     0.033
  0.444880	    -0.010	    -0.010	    -0.010	     0.017
  0.451520	    -0.010	    -0.010	     0.000	     0.014
  0.458160	    -0.040	    -0.010	    -0.010	     0.042
  0.464800	     0.010	    -0.010	    -0.020	     0.024
  0.471440	     0.000	     0.010	     0.000	     0.010
  0.478080	     0.000	    -0.010	     0.010	     0.014
  0.484720	     0.000	    -0.030	    -0.010	     0.032
  0.491360	     0.000	     0.020	     0.000	     0.020
  0.498000	     0.010	     0.000	    -0.020	     0.022
  0.504640	     0.020	    -0.010	     0.000	     0.022
  0.511280	     0.000	     0.020	    -0.010	     0.022
  0.517920	    -0.020	    -0.010	    -0.010	     0.024
  0.524560	    -0.030	    -0.030	     0.010	     0.044
  0.531200	     0.000	     0.000	    -0.010	     0.010
  0.537840	     0.010	    -0.010	    -0.030	     0.033
  0.544480	     0.020	    -0.020	    -0.050	     0.057
  0.551120	     0.020	     0.000	     0.000	     0.020
  0.557760	     0.000	    -0.010	    -0.010	     0.014
  0.564400	     0.000	     0.000	    -0.050	     0.050
  0.571040	     0.000	    -0.030	    -0.020	     0.036
  0.577680	     0.000	    -0.050	    -0.050	     0.071
  0.584320	    -0.010	    -0.020	     0.010	     0.024
  0.590960	    -0.010	    -0.050	     0.010	     0.052
  0.597600	    -0.010	    -0.030	    -0.010	     0.033
  0.604240	    -0.020	    -0.010	    -0.010	     0.024
  0.610880	    -0.020	     0.010	    -0.030	     0.037
  0.617520	     0.010	     0.000	    -0.020	     0.022
  0.624160	    -0.010	    -0.020	    -0.010	     0.024
  0.630800	     0.010	    -0.020	    -0.010	     0.024
  0.637440	    -0.020	    -0.030	    -0.020	     0.041
  0.644080	    -0.020	    -0.020	    -0.010	     0.030
  0.650720	     0.000	    -0.020	     0.010	     0.022
  0.657360	    -0.010	     0.010	    -0.010	     0.017
  0.664000	    -0.010	    -0.030	    -0.020	     0.037
  0.670640	    -0.020	    -0.010	    -0.030	     0.037
  0.677280	    -0.020	     0.040	     0.010	     0.046
  0.683920	     0.010	    -0.040	    -0.050	     0.065
  0.690560	     0.000	    -0.010	    -0.020	     0.022
  0.697200	    -0.010	    -0.010	    -0.050	     0.052
  0.703840	     0.010	    -0.020	     0.000	     0.022
  0.710480	    -0.010	    -0.010	    -0.010	     0.017
  0.717120	    -0.020	    -0.020	    -0.020	     0.035
  0.723760	     0.010	    -0.010	    -0.010	     0.017
  0.730400	     0.030	    -0.030	     0.000	     0.042
  0.737040	     0.000	    -0.020	    -0.030	     0.036
  0.743680	    -0.010	    -0.030	    -0.070	     0.077
  0.750320	     0.010	     0.010	    -0.010	     0.017
  0.756960	    -0.030	    -0.010	    -0.060	     0.068
  0.763600	    -0.020	    -0.010	    -0.010	     0.024
  0.770240	     0.000	    -0.040	    -0.060	     0.072
  0.776880	     0.000	    -0.010	    -0.020	     0.022
  0.783520	     0.000	     0.000	    -0.060	     0.060
  0.790160	     0.000	    -0.030	    -0.020	     0.036
  0.796800	     0.000	    -0.040	    -0.020	     0.045
  0.803440	    -0.030	    -0.020	    -0.050	     0.062
  0.810080	    -0.010	    -0.010	    -0.070	     0.071
  0.816720	    -0.020	    -0.020	    -0.030	     0.041
  0.823360	     0.010	    -0.020	    -0.020	     0.030
  0.830000	     0.010	    -0.050	     0.020	     0.055
  0.836640	    -0.020	    -0.010	    -0.030	     0.037
  0.843280	     0.020	    -0.030	    -0.050	     0.062
  0.849920	     0.010	    -0.020	     0.000	     0.022
  0.856560	     0.010	    -0.040	     0.010	     0.042
  0.863200	     0.010	    -0.020	    -0.030	     0.037
  0.869840	     0.010	    -0.020	    -0.010	     0.024
  0.876480	    -0.020	    -0.040	    -0.030	     0.054
  0.883120	     0.000	    -0.010	    -0.050	     0.051
  0.889760	     0.000	    -0.030	    -0.050	     0.058
  0.896400	    -0.010	    -0.030	    -0.010	     0.033
  0.903040	    -0.020	    -0.020	    -0.010	     0.030
  0.909680	     0.010	    -0.010	    -0.010	     0.017
  0.916320	    -0.010	    -0.010	    -0.010	     0.017
  0.922960	     0.000	    -0.010	    -0.050	     0.051
  0.929600	     0.000	    -0.020	    -0.030	     0.036
  0.936240	    -0.030	     0.000	    -0.020	     0.036
  0.942880	     0.000	    -0.010	    -0.060	     0.061
  0.949520	     0.020	    -0.050	    -0.050	     0.073
  0.956160	    -0.020	    -0.020	     0.020	     0.035
  0.962800	    -0.030	    -0.030	    -0.010	     0.044
  0.969440	    -0.030	     0.000	    -0.010	     0.032
  0.976080	     0.000	     0.010	    -0.050	     0.051
  0.982720	     0.000	     0.000	     0.010	     0.010
  0.989360	    -0.020	    -0.030	    -0.050	     0.062
  0.996000	    -0.020	     0.000	    -0.030	     0.036
  1.002640	     0.010	    -0.020	    -0.050	     0.055
  1.009280	     0.000	    -0.020	    -0.020	     0.028
  1.015920	    -0.010	     0.010	    -0.010	     0.017
  1.022560	    -0.010	     0.010	    -0.010	     0.017
  1.029200	    -0.020	    -0.030	    -0.030	     0.047
  1.035840	    -0.010	    -0.010	    -0.030	     0.033
  1.042480	    -0.020	     0.010	    -0.020	     0.030
  1.049120	    -0.010	     0.010	    -0.050	     0.052
  1.055760	     0.000	     0.000	    -0.050	     0.050
  1.062400	    -0.010	    -0.030	    -0.020	     0.037
  1.069040	     0.000	    -0.020	     0.000	     0.020
  1.075680	    -0.010	     0.020	    -0.020	     0.030
  1.082320	     0.000	    -0.030	    -0.050	     0.058
  1.088960	    -0.010	    -0.020	    -0.020	     0.030
  1.095600	     0.000	     0.000	    -0.020	     0.020
  1.102240	    -0.040	    -0.010	    -0.010	     0.042
  1.108880	     0.020	    -0.010	    -0.010	     0.024
  1.115520	     0.000	    -0.020	    -0.030	     0.036
  1.122160	    -0.010	    -0.030	    -0.010	     0.033
  1.128800	    -0.030	    -0.010	    -0.030	     0.044
  1.135440	     0.000	    -0.020	    -0.010	     0.022
  1.142080	     0.000	     0.000	    -0.030	     0.030
  1.148720	    -0.010	    -0.030	    -0.030	     0.044
  1.155360	     0.000	    -0.010	    -0.020	     0.022
  1.162000	    -0.010	    -0.010	    -0.020	     0.024
  1.168640	     0.000	    -0.030	    -0.020	     0.036
  1.175280	     0.000	    -0.010	    -0.050	     0.051
  1.181920	    -0.010	    -0.040	    -0.030	     0.051
  1.188560	    -0.010	    -0.010	    -0.030	     0.033
  1.195200	    -0.030	    -0.040	     0.000	     0.050
  1.201840	    -0.020	    -0.020	    -0.010	     0.030
  1.208480	     0.020	     0.010	     0.000	     0.022
  1.215120	     0.000	     0.020	     0.020	     0.028
  1.221760	     0.010	    -0.020	     0.000	     0.022
  1.228400	    -0.040	     0.000	    -0.020	     0.045
  1.235040	    -0.020	     0.000	    -0.020	     0.028
  1.241680	     0.010	    -0.010	    -0.030	     0.033
  1.248320	    -0.030	    -0.040	    -0.020	     0.054
  1.254960	     0.000	    -0.020	     0.000	     0.020
  1.261600	    -0.010	    -0.010	    -0.030	     0.033
  1.268240	     0.000	    -0.030	    -0.020	     0.036
  1.274880	     0.000	    -0.040	     0.000	     0.040
  1.281520	    -0.020	    -0.020	     0.000	     0.028
  1.288160	    -0.010	    -0.010	    -0.020	     0.024
  1.294800	     0.010	     0.010	    -0.020	     0.024
  1.301440	    -0.030	     0.000	    -0.020	     0.036
  1.308080	     0.010	    -0.030	     0.000	     0.032
  1.314720	    -0.010	    -0.010	    -0.020	     0.024
  1.321360	    -0.020	     0.000	    -0.020	     0.028
  1.328000	    -0.010	     0.000	    -0.050	     0.051
  1.334640	    -0.020	    -0.030	     0.020	     0.041
  1.341280	    -0.010	    -0.010	     0.010	     0.017
  1.347920	    -0.010	     0.000	     0.000	     0.010
  1.354560	    -0.040	    -0.030	    -0.030	     0.058
  1.361200	    -0.010	    -0.040	     0.010	     0.042
  1.367840	    -0.040	    -0.010	    -0.010	     0.042
  1.374480	     0.000	    -0.010	    -0.030	     0.032
  1.381120	    -0.030	     0.020	    -0.050	     0.062
  1.387760	     0.010	    -0.040	    -0.030	     0.051
  1.394400	     0.010	    -0.010	    -0.010	     0.017
  1.401040	    -0.010	    -0.020	    -0.050	     0.055
  1.407680	    -0.020	    -0.030	     0.000	     0.036
  1.414320	    -0.020	    -0.010	    -0.010	     0.024
  1.420960	    -0.030	    -0.020	    -0.010	     0.037
  1.427600	    -0.010	     0.030	     0.010	     0.033
  1.434240	    -0.010	     0.000	    -0.060	     0.061
  1.440880	    -0.010	     0.000	     0.000	     0.010
  1.447520	    -0.030	     0.020	     0.000	     0.036
  1.454160	     0.010	    -0.010	     0.000	     0.014
  1.460800	    -0.020	    -0.030	     0.010	     0.037
  1.467440	    -0.020	    -0.010	    -0.050	     0.055
  1.474080	    -0.030	    -0.070	     0.000	     0.076
  1.480720	    -0.010	     0.000	     0.000	     0.010
  1.487360	    -0.020	    -0.010	    -0.010	     0.024
  1.494000	    -0.020	    -0.010	    -0.030	     0.037
  1.500640	    -0.010	     0.000	    -0.010	     0.014
  1.507280	    -0.010	    -0.040	     0.000	     0.041
  1.513920	    -0.030	    -0.020	    -0.030	     0.047
  1.520560	     0.010	    -0.020	     0.000	     0.022
  1.527200	    -0.010	    -0.010	    -0.020	     0.024
  1.533840	     0.000	    -0.010	     0.000	     0.010
  1.540480	     0.000	    -0.010	    -0.020	     0.022
  1.547120	    -0.030	    -0.020	    -0.020	     0.041
  1.553760	    -0.040	    -0.020	    -0.030	     0.054
  1.560400	     0.000	     0.000	     0.010	     0.010
  1.567040	    -0.040	    -0.030	    -0.010	     0.051
  1.573680	     0.000	    -0.030	    -0.020	     0.036
  1.580320	    -0.010	    -0.030	    -0.020	     0.037
  1.586960	    -0.010	    -0.040	    -0.030	     0.051
  1.593600	    -0.030	     0.000	     0.000	     0.030
  1.600240	    -0.030	    -0.030	    -0.020	     0.047
  1.606880	    -0.030	    -0.010	    -0.020	     0.037
  1.613520	    -0.020	    -0.020	    -0.010	     0.030
  1.620160	     0.010	    -0.040	    -0.020	     0.046
  1.626800	    -0.010	     0.010	    -0.020	     0.024
  1.633440	     0.010	    -0.020	     0.000	     0.022
  1.640080	     0.010	    -0.020	    -0.020	     0.030
  1.646720	    -0.020	     0.000	    -0.050	     0.054
  1.653360	    -0.020	    -0.020	     0.020	     0.035
  1.660000	     0.000	    -0.010	     0.010	     0.014
  1.666640	    -0.010	     0.000	    -0.010	     0.014
  1.673280	    -0.010	     0.000	    -0.010	     0.014
  1.679920	    -0.010	    -0.010	    -0.050	     0.052
  1.686560	    -0.020	     0.000	    -0.010	     0.022
  1.693200	     0.000	    -0.010	     0.010	     0.014
  1.699840	     0.020	    -0.020	    -0.020	     0.035
  1.706480	    -0.020	     0.000	     0.030	     0.036
  1.713120	    -0.030	     0.000	    -0.010	     0.032
  1.719760	    -0.010	     0.010	    -0.020	     0.024
  1.726400	    -0.010	     0.000	    -0.010	     0.014
  1.733040	     0.000	    -0.020	     0.000	     0.020
  1.739680	     0.000	     0.020	     0.000	     0.020
  1.746320	    -0.030	    -0.030	    -0.020	     0.047
  1.752960	    -0.020	     0.000	    -0.020	     0.028
  1.759600	     0.000	     0.000	     0.000	     0.000
  1.766240	    -0.010	    -0.010	    -0.050	     0.052
  1.772880	    -0.010	     0.000	    -0.010	     0.014
  1.779520	    -0.020	     0.010	     0.010	     0.024
  1.786160	     0.010	    -0.020	    -0.010	     0.024
  1.792800	    -0.010	     0.010	     0.000	     0.014
  1.799440	    -0.030	    -0.010	    -0.010	     0.033
  1.806080	    -0.020	     0.000	    -0.010	     0.022
  1.812720	    -0.010	     0.000	     0.000	     0.010
  1.819360	    -0.040	     0.010	    -0.010	     0.042
  1.826000	     0.010	     0.000	    -0.010	     0.014
  1.832640	     0.000	    -0.020	     0.000	     0.020
  1.839280	    -0.010	    -0.010	     0.000	     0.014
  1.845920	     0.000	     0.000	     0.000	     0.000
  1.852560	     0.000	    -0.010	    -0.010	     0.014
  1.859200	     0.010	    -0.020	    -0.020	     0.030
  1.865840	    -0.020	    -0.030	    -0.050	     0.062
  1.872480	    -0.010	     0.010	    -0.020	     0.024
  1.879120	     0.000	    -0.030	    -0.020	     0.036
  1.885760	     0.000	    -0.030	    -0.010	     0.032
  1.892400	    -0.010	    -0.030	    -0.010	     0.033
  1.899040	     0.010	    -0.050	     0.000	     0.051
  1.905680	     0.000	    -0.030	     0.000	     0.030
  1.912320	    -0.030	    -0.030	    -0.010	     0.044
  1.918960	     0.020	    -0.020	    -0.010	     0.030
  1.925600	     0.020	    -0.020	     0.000	     0.028
  1.932240	     0.020	    -0.030	    -0.050	     0.062
  1.938880	    -0.020	     0.010	     0.000	     0.022
  1.945520	     0.010	     0.000	    -0.010	     0.014
  1.952160	     0.020	     0.020	    -0.010	     0.030
  1.958800	    -0.020	     0.000	     0.020	     0.028
  1.965440	    -0.020	    -0.050	     0.000	     0.054
  1.972080	    -0.010	    -0.010	    -0.010	     0.017
  1.978720	    -0.020	    -0.010	     0.000	     0.022
  1.985360	    -0.040	    -0.050	     0.010	     0.065
  1.992000	    -0.010	    -0.010	    -0.010	     0.017
  1.998640	    -0.030	    -0.020	    -0.020	     0.041
  2.005280	    -0.020	     0.010	    -0.050	     0.055
  2.011920	    -0.010	    -0.010	    -0.020	     0.024
  2.018560	     0.000	    -0.030	    -0.010	     0.032
  2.025200	    -0.020	     0.000	    -0.010	     0.022
  2.031840	     0.010	     0.000	    -0.010	     0.014
  2.038480	    -0.030	     0.020	    -0.010	     0.037
  2.045120	    -0.010	     0.000	    -0.030	     0.032
  2.051760	    -0.040	    -0.030	    -0.020	     0.054
  2.058400	     0.000	    -0.010	     0.000	     0.010
  2.065040	    -0.010	     0.020	    -0.020	     0.030
  2.071680	     0.000	    -0.020	     0.020	     0.028
  2.078320	     0.020	    -0.020	    -0.050	     0.057
  2.084960	     0.000	     0.000	    -0.020	     0.020
  2.091600	     0.010	    -0.010	    -0.030	     0.033
  2.098240	    -0.010	    -0.010	     0.010	     0.017
  2.104880	    -0.010	    -0.010	     0.040	     0.042
  2.111520	    -0.010	    -0.020	     0.020	     0.030
  2.118160	     0.000	     0.000	    -0.030	     0.030
  2.124800	     0.000	     0.000	    -0.020	     0.020
  2.131440	     0.000	    -0.030	    -0.020	     0.036
  2.138080	    -0.020	    -0.010	    -0.020	     0.030
  2.144720	    -0.010	     0.010	    -0.020	     0.024
  2.151360	    -0.010	    -0.020	     0.010	     0.024
  2.158000	    -0.010	    -0.020	     0.000	     0.022
  2.164640	    -0.020	     0.000	     0.000	     0.020
  2.171280	    -0.020	     0.020	    -0.010	     0.030
  2.177920	    -0.010	    -0.010	    -0.050	     0.052
  2.184560	    -0.010	    -0.030	     0.000	     0.032
  2.191200	    -0.030	    -0.030	     0.000	     0.042
  2.197840	     0.000	     0.010	    -0.060	     0.061
  2.204480	    -0.040	    -0.030	     0.000	     0.050
  2.211120	    -0.040	    -0.010	    -0.070	     0.081
  2.217760	    -0.040	     0.010	    -0.010	     0.042
  2.224400	    -0.020	    -0.010	    -0.030	     0.037
  2.231040	    -0.020	     0.010	     0.000	     0.022
  2.237680	     0.000	     0.000	    -0.080	     0.080
  2.244320	     0.010	     0.000	     0.000	     0.010
  2.250960	    -0.020	     0.010	    -0.020	     0.030
  2.257600	    -0.020	     0.000	    -0.050	     0.054
  2.264240	    -0.020	     0.000	    -0.020	     0.028
  2.270880	    -0.030	    -0.020	    -0.050	     0.062
  2.277520	    -0.030	     0.040	    -0.010	     0.051
  2.284160	    -0.010	    -0.050	    -0.020	     0.055
  2.290800	    -0.010	    -0.020	    -0.050	     0.055
  2.297440	    -0.030	     0.000	    -0.050	     0.058
  2.304080	     0.000	     0.000	    -0.070	     0.070
  2.310720	    -0.030	     0.010	     0.000	     0.032
  2.317360	     0.000	    -0.030	    -0.010	     0.032
  2.324000	    -0.020	     0.000	     0.000	     0.020
  2.330640	    -0.010	     0.000	    -0.020	     0.022
  2.337280	     0.000	     0.020	    -0.020	     0.028
  2.343920	    -0.020	     0.010	    -0.050	     0.055
  2.350560	     0.000	     0.010	    -0.020	     0.022
  2.357200	    -0.020	     0.010	    -0.050	     0.055
  2.363840	    -0.010	     0.010	    -0.020	     0.024
  2.370480	    -0.010	    -0.010	     0.000	     0.014
  2.377120	     0.000	    -0.010	    -0.050	     0.051
  2.383760	     0.000	     0.000	    -0.010	     0.010
  2.390400	     0.010	    -0.010	    -0.020	     0.024
  2.397040	     0.020	    -0.030	    -0.020	     0.041
  2.403680	     0.020	     0.010	    -0.010	     0.024
  2.410320	    -0.010	    -0.010	    -0.030	     0.033
  2.416960	     0.000	     0.000	     0.000	     0.000
  2.423600	     0.010	     0.000	    -0.010	     0.014
  2.430240	    -0.020	     0.020	    -0.020	     0.035
  2.436880	    -0.010	    -0.020	    -0.050	     0.055
  2.443520	     0.010	    -0.030	    -0.030	     0.044
  2.450160	    -0.030	    -0.020	    -0.060	     0.070
  2.456800	     0.010	    -0.010	     0.010	     0.017
  2.463440	     0.010	    -0.030	    -0.030	     0.044
  2.470080	    -0.010	    -0.020	     0.000	     0.022
  2.476720	    -0.020	     0.020	    -0.010	     0.030
  2.483360	     0.000	    -0.020	    -0.020	     0.028
  2.490000	    -0.010	     0.010	    -0.050	     0.052
  2.496640	    -0.010	     0.000	     0.000	     0.010
  2.503280	     0.000	     0.030	    -0.060	     0.067
  2.509920	    -0.010	     0.010	    -0.010	     0.017
  2.516560	    -0.030	     0.010	    -0.010	     0.033
  2.523200	     0.000	    -0.010	    -0.010	     0.014
  2.529840	    -0.010	     0.000	    -0.020	     0.022
  2.536480	     0.010	    -0.010	    -0.050	     0.052
  2.543120	    -0.020	    -0.020	    -0.050	     0.057
  2.549760	    -0.020	    -0.010	    -0.010	     0.024
  2.556400	    -0.010	    -0.030	    -0.010	     0.033
  2.563040	     0.000	    -0.010	     0.010	     0.014
  2.569680	     0.010	     0.000	    -0.010	     0.014
  2.576320	     0.010	    -0.010	     0.010	     0.017
  2.582960	     0.020	    -0.020	    -0.030	     0.041
  2.589600	     0.020	     0.020	     0.000	     0.028
  2.596240	    -0.010	     0.000	    -0.060	     0.061
  2.602880	     0.010	     0.010	    -0.020	     0.024
  2.609520	    -0.020	     0.000	    -0.010	     0.022
  2.616160	     0.020	     0.020	    -0.050	     0.057
  2.622800	    -0.010	     0.000	    -0.010	     0.014
  2.629440	     0.000	     0.030	    -0.010	     0.032
  2.636080	     0.010	     0.010	     0.010	     0.017
  2.642720	     0.010	     0.000	    -0.030	     0.032
  2.649360	     0.000	     0.010	    -0.030	     0.032
  2.656000	     0.000	    -0.010	    -0.010	     0.014
  2.662640	    -0.010	    -0.020	     0.040	     0.046
  2.669280	    -0.010	    -0.020	    -0.050	     0.055
  2.675920	    -0.020	     0.000	     0.000	     0.020
  2.682560	    -0.020	     0.010	     0.020	     0.030
  2.689200	    -0.020	    -0.020	    -0.010	     0.030
  2.695840	    -0.010	     0.010	     0.000	     0.014
  2.702480	    -0.030	    -0.010	    -0.020	     0.037
  2.709120	    -0.020	     0.020	    -0.030	     0.041
  2.715760	     0.010	     0.000	    -0.010	     0.014
  2.722400	    -0.020	     0.000	     0.010	     0.022
  2.729040	     0.010	     0.000	    -0.010	     0.014
  2.735680	     0.020	    -0.010	     0.000	     0.022
  2.742320	     0.010	    -0.010	    -0.020	     0.024
  2.748960	     0.000	     0.000	    -0.010	     0.010
  2.755600	     0.000	    -0.010	     0.000	     0.010
  2.762240	    -0.010	     0.000	    -0.010	     0.014
  2.768880	    -0.020	    -0.010	    -0.010	     0.024
  2.775520	    -0.010	    -0.020	    -0.030	     0.037
  2.782160	    -0.020	    -0.010	     0.000	     0.022
  2.788800	     0.010	    -0.020	     0.020	     0.030
  2.795440	    -0.020	     0.010	    -0.010	     0.024
  2.802080	     0.010	    -0.010	    -0.020	     0.024
  2.808720	    -0.020	    -0.010	    -0.030	     0.037
  2.815360	     0.010	     0.000	    -0.030	     0.032
  2.822000	    -0.020	     0.000	    -0.020	     0.028
  2.828640	    -0.010	    -0.030	     0.020	     0.037
  2.835280	    -0.010	    -0.020	    -0.010	     0.024
  2.841920	    -0.020	     0.000	    -0.050	     0.054
  2.848560	     0.010	     0.000	    -0.030	     0.032
  2.855200	    -0.010	    -0.020	    -0.030	     0.037
  2.861840	     0.010	     0.020	    -0.060	     0.064
  2.868480	    -0.010	    -0.010	    -0.020	     0.024
  2.875120	     0.000	    -0.020	     0.000	     0.020
  2.881760	     0.000	    -0.010	    -0.020	     0.022
  2.888400	    -0.020	     0.000	     0.010	     0.022
  2.895040	     0.000	    -0.030	     0.000	     0.030
  2.901680	    -0.010	    -0.020	    -0.030	     0.037
  2.908320	    -0.010	    -0.020	    -0.030	     0.037
  2.914960	    -0.020	    -0.010	    -0.030	     0.037
  2.921600	    -0.020	     0.000	    -0.030	     0.036
  2.928240	    -0.020	    -0.040	    -0.020	     0.049
  2.934880	     0.000	     0.000	    -0.010	     0.010
  2.941520	    -0.010	    -0.010	     0.000	     0.014
  2.948160	    -0.010	    -0.030	    -0.020	     0.037
  2.954800	    -0.010	    -0.010	     0.010	     0.017
  2.961440	     0.000	     0.010	    -0.020	     0.022
  2.968080	    -0.030	    -0.040	     0.010	     0.051
  2.974720	    -0.050	    -0.010	    -0.030	     0.059
  2.981360	    -0.020	    -0.020	    -0.020	     0.035
  2.988000	    -0.020	    -0.020	    -0.010	     0.030
  2.994640	    -0.010	    -0.020	    -0.020	     0.030
  3.001280	    -0.020	    -0.020	    -0.060	     0.066
  3.007920	     0.000	    -0.020	     0.000	     0.020
  3.014560	     0.000	    -0.020	    -0.050	     0.054
  3.021200	    -0.010	    -0.020	     0.000	     0.022
  3.027840	    -0.030	    -0.040	     0.000	     0.050
  3.034480	    -0.010	    -0.010	    -0.060	     0.062
  3.041120	    -0.030	     0.010	    -0.020	     0.037
  3.047760	    -0.020	    -0.010	    -0.020	     0.030
  3.054400	    -0.010	    -0.010	    -0.020	     0.024
  3.061040	    -0.020	    -0.020	    -0.050	     0.057
  3.067680	    -0.010	    -0.010	     0.000	     0.014
  3.074320	     0.010	     0.010	    -0.020	     0.024
  3.080960	    -0.010	    -0.010	    -0.030	     0.033
  3.087600	     0.020	    -0.030	    -0.020	     0.041
  3.094240	     0.000	    -0.020	    -0.050	     0.054
  3.100880	     0.000	    -0.030	     0.020	     0.036
  3.107520	     0.000	    -0.010	    -0.020	     0.022
  3.114160	     0.000	    -0.020	    -0.030	     0.036
  3.120800	    -0.020	     0.000	    -0.010	     0.022
  3.127440	     0.000	     0.010	    -0.020	     0.022
  3.134080	    -0.010	    -0.010	     0.010	     0.017
  3.140720	    -0.010	    -0.010	     0.000	     0.014
  3.147360	     0.000	    -0.010	    -0.010	     0.014
  3.154000	    -0.040	    -0.030	     0.010	     0.051
  3.160640	    -0.040	     0.010	     0.000	     0.041
  3.167280	     0.000	    -0.030	    -0.050	     0.058
  3.173920	    -0.020	    -0.010	    -0.020	     0.030
  3.180560	     0.000	    -0.030	    -0.010	     0.032
  3.187200	    -0.020	    -0.010	     0.010	     0.024
  3.193840	     0.000	     0.000	    -0.030	     0.030
  3.200480	     0.000	    -0.050	    -0.030	     0.058
  3.207120	    -0.020	    -0.030	     0.000	     0.036
  3.213760	     0.010	    -0.020	    -0.010	     0.024
  3.220400	     0.000	    -0.040	    -0.020	     0.045
  3.227040	    -0.030	    -0.010	    -0.010	     0.033
  3.233680	     0.000	    -0.010	    -0.010	     0.014
  3.240320	    -0.020	    -0.010	    -0.030	     0.037
  3.246960	    -0.010	    -0.010	     0.000	     0.014
  3.253600	     0.030	    -0.020	    -0.030	     0.047
  3.260240	    -0.010	    -0.020	    -0.020	     0.030
  3.266880	    -0.030	    -0.010	    -0.010	     0.033
  3.273520	     0.000	    -0.020	    -0.020	     0.028
  3.280160	     0.010	    -0.040	     0.000	     0.041
  3.286800	    -0.010	    -0.020	     0.000	     0.022
  3.293440	    -0.010	    -0.020	    -0.030	     0.037
  3.300080	     0.000	    -0.050	    -0.010	     0.051
  3.306720	     0.020	    -0.030	    -0.010	     0.037
  3.313360	     0.000	     0.000	    -0.010	     0.010
  3.320000	    -0.010	    -0.020	    -0.030	     0.037
  3.326640	     0.000	    -0.030	    -0.020	     0.036
  3.333280	    -0.010	    -0.020	    -0.020	     0.030
  3.339920	    -0.010	    -0.020	    -0.030	     0.037
  3.346560	    -0.020	    -0.030	    -0.020	     0.041
  3.353200	     0.010	    -0.010	     0.000	     0.014
  3.359840	     0.020	    -0.020	    -0.020	     0.035
  3.366480	    -0.030	    -0.010	    -0.010	     0.033
  3.373120	     0.000	    -0.010	    -0.020	     0.022
  3.379760	    -0.020	     0.000	    -0.030	     0.036
  3.386400	     0.030	    -0.020	    -0.050	     0.062
  3.393040	     0.010	     0.000	     0.000	     0.010
  3.399680	     0.020	    -0.020	     0.010	     0.030
  3.406320	    -0.030	     0.010	    -0.020	     0.037
  3.412960	     0.000	    -0.010	    -0.030	     0.032
  3.419600	    -0.030	    -0.040	    -0.020	     0.054
  3.426240	     0.000	    -0.030	    -0.050	     0.058
  3.432880	     0.000	    -0.040	     0.010	     0.041
  3.439520	     0.010	     0.000	     0.000	     0.010
  3.446160	     0.000	    -0.010	    -0.050	     0.051
  3.452800	    -0.020	    -0.020	    -0.020	     0.035
  3.459440	    -0.010	    -0.020	    -0.050	     0.055
  3.466080	    -0.020	    -0.010	    -0.020	     0.030
  3.472720	    -0.010	    -0.020	    -0.020	     0.030
  3.479360	    -0.020	    -0.030	     0.000	     0.036
  3.486000	     0.000	     0.010	    -0.050	     0.051
  3.492640	    -0.030	    -0.030	     0.010	     0.044
  3.499280	     0.010	     0.010	    -0.050	     0.052
  3.505920	    -0.040	    -0.020	    -0.030	     0.054
  3.512560	     0.000	     0.010	    -0.060	     0.061
  3.519200	    -0.020	    -0.020	    -0.020	     0.035
  3.525840	    -0.020	     0.020	    -0.010	     0.030
  3.532480	    -0.020	     0.000	    -0.030	     0.036
  3.539120	     0.000	    -0.020	     0.000	     0.020
  3.545760	     0.000	    -0.050	    -0.020	     0.054
  3.552400	    -0.020	    -0.020	    -0.010	     0.030
  3.559040	     0.000	    -0.010	    -0.020	     0.022
  3.565680	     0.050	     0.010	     0.000	     0.051
  3.572320	     0.000	    -0.010	    -0.020	     0.022
  3.578960	     0.000	    -0.020	    -0.020	     0.028
  3.585600	    -0.020	    -0.020	    -0.020	     0.035
  3.592240	    -0.010	    -0.010	    -0.020	     0.024
  3.598880	    -0.030	    -0.030	    -0.030	     0.052
  3.605520	     0.010	    -0.020	    -0.020	     0.030
  3.612160	    -0.020	     0.000	    -0.010	     0.022
  3.618800	    -0.010	     0.000	    -0.010	     0.014
  3.625440	    -0.020	     0.000	    -0.010	     0.022
  3.632080	    -0.020	     0.000	    -0.030	     0.036
  3.638720	    -0.030	    -0.010	    -0.030	     0.044
  3.645360	    -0.020	    -0.010	    -0.010	     0.024
  3.652000	    -0.040	    -0.030	    -0.020	     0.054
  3.658640	     0.010	    -0.020	    -0.010	     0.024
  3.665280	     0.000	    -0.030	    -0.010	     0.032
  3.671920	    -0.010	    -0.050	    -0.020	     0.055
  3.678560	    -0.010	    -0.020	    -0.060	     0.064
  3.685200	    -0.010	     0.000	    -0.030	     0.032
  3.691840	     0.020	    -0.010	    -0.030	     0.037
  3.698480	    -0.030	    -0.030	     0.000	     0.042
  3.705120	    -0.020	    -0.020	    -0.030	     0.041
  3.711760	    -0.010	    -0.010	    -0.010	     0.017
  3.718400	    -0.020	    -0.010	     0.000	     0.022
  3.725040	     0.030	     0.000	    -0.020	     0.036
  3.731680	    -0.010	    -0.010	    -0.030	     0.033
  3.738320	     0.010	     0.000	    -0.030	     0.032
  3.744960	     0.010	    -0.030	    -0.010	     0.033
  3.751600	     0.010	     0.000	     0.010	     0.014
  3.758240	    -0.020	     0.000	    -0.050	     0.054
  3.764880	     0.010	    -0.030	    -0.010	     0.033
  3.771520	    -0.010	     0.000	     0.010	     0.014
  3.778160	     0.000	     0.020	     0.000	     0.020
  3.784800	     0.000	     0.000	    -0.010	     0.010
  3.791440	    -0.010	    -0.010	    -0.010	     0.017
  3.798080	     0.010	    -0.030	     0.000	     0.032
  3.804720	     0.010	    -0.020	     0.000	     0.022
  3.811360	     0.000	    -0.010	    -0.020	     0.022
  3.818000	    -0.010	    -0.020	    -0.010	     0.024
  3.824640	    -0.020	    -0.010	    -0.010	     0.024
  3.831280	    -0.010	    -0.020	    -0.020	     0.030
  3.837920	     0.030	     0.010	    -0.030	     0.044
  3.844560	    -0.010	     0.000	     0.010	     0.014
  3.851200	     0.020	     0.000	    -0.020	     0.028
  3.857840	    -0.010	     0.000	    -0.020	     0.022
  3.864480	    -0.020	     0.020	     0.000	     0.028
  3.871120	     0.000	     0.000	     0.000	     0.000
  3.877760	     0.010	    -0.010	     0.000	     0.014
  3.884400	    -0.010	     0.010	    -0.010	     0.017
  3.891040	     0.010	     0.010	    -0.020	     0.024
  3.897680	     0.010	    -0.010	    -0.010	     0.017
  3.904320	     0.010	    -0.030	     0.000	     0.032
  3.910960	     0.000	     0.010	    -0.010	     0.014
  3.917600	    -0.010	    -0.030	     0.000	     0.032
  3.924240	     0.000	    -0.020	    -0.010	     0.022
  3.930880	    -0.020	    -0.020	     0.020	     0.035
  3.937520	    -0.020	    -0.040	    -0.020	     0.049
  3.944160	    -0.010	    -0.010	     0.010	     0.017
  3.950800	    -0.040	    -0.020	     0.000	     0.045
  3.957440	     0.000	     0.000	     0.000	     0.000
  3.964080	    -0.020	    -0.040	     0.000	     0.045
  3.970720	     0.000	     0.010	    -0.060	     0.061
  3.977360	     0.010	     0.000	    -0.010	     0.014
  3.984000	     0.000	    -0.030	    -0.020	     0.036
  3.990640	    -0.010	    -0.010	    -0.010	     0.017
  3.997280	     0.000	    -0.020	    -0.010	     0.022
  4.003920	     0.000	    -0.010	     0.000	     0.010
  4.010560	     0.020	    -0.010	    -0.010	     0.024
  4.017200	    -0.010	     0.000	     0.000	     0.010
  4.023840	    -0.020	    -0.010	    -0.010	     0.024
  4.030480	    -0.020	    -0.030	     0.000	     0.036
  4.037120	    -0.010	    -0.020	    -0.010	     0.024
  4.043760	    -0.020	    -0.030	    -0.050	     0.062
  4.050400	     0.020	    -0.040	    -0.030	     0.054
  4.057040	    -0.010	    -0.020	    -0.010	     0.024
  4.063680	    -0.010	     0.000	    -0.020	     0.022
  4.070320	    -0.020	    -0.020	    -0.010	     0.030
  4.076960	     0.010	    -0.020	    -0.030	     0.037
  4.083600	     0.000	    -0.070	    -0.050	     0.086
  4.090240	     0.010	     0.010	    -0.030	     0.033
  4.096880	    -0.020	    -0.020	    -0.010	     0.030
  4.103520	    -0.020	     0.020	     0.000	     0.028
  4.110160	     0.020	     0.000	    -0.010	     0.022
  4.116800	     0.000	    -0.010	    -0.010	     0.014
  4.123440	     0.000	     0.020	    -0.020	     0.028
  4.130080	     0.010	    -0.020	    -0.050	     0.055
  4.136720	     0.010	     0.000	    -0.020	     0.022
  4.143360	    -0.010	    -0.020	    -0.010	     0.024
  4.150000	    -0.020	     0.000	    -0.020	     0.028
  4.156640	    -0.010	    -0.010	     0.010	     0.017
  4.163280	     0.000	    -0.030	    -0.030	     0.042
  4.169920	     0.000	    -0.030	     0.010	     0.032
  4.176560	     0.010	     0.010	    -0.030	     0.033
  4.183200	    -0.010	    -0.020	    -0.010	     0.024
  4.189840	    -0.040	    -0.010	    -0.020	     0.046
  4.196480	     0.000	     0.000	    -0.010	     0.010
  4.203120	     0.010	    -0.040	    -0.030	     0.051
  4.209760	    -0.030	    -0.030	    -0.020	     0.047
  4.216400	     0.010	    -0.010	    -0.030	     0.033
  4.223040	    -0.040	    -0.020	     0.010	     0.046
  4.229680	     0.020	     0.000	    -0.010	     0.022
  4.236320	    -0.010	    -0.010	    -0.030	     0.033
  4.242960	     0.010	    -0.020	    -0.010	     0.024
  4.249600	    -0.020	     0.000	    -0.020	     0.028
  4.256240	     0.000	    -0.030	     0.000	     0.030
  4.262880	    -0.010	    -0.040	     0.020	     0.046
  4.269520	     0.010	    -0.010	     0.000	     0.014
  4.276160	    -0.010	     0.020	    -0.010	     0.024
  4.282800	    -0.010	     0.000	     0.010	     0.014
  4.289440	     0.010	     0.010	     0.020	     0.024
  4.296080	     0.010	    -0.020	     0.000	     0.022
  4.302720	     0.010	    -0.010	     0.000	     0.014
  4.309360	     0.000	     0.000	    -0.020	     0.020
  4.316000	    -0.030	     0.000	    -0.020	     0.036
  4.322640	     0.010	    -0.030	    -0.010	     0.033
  4.329280	     0.020	    -0.020	    -0.010	     0.030
  4.335920	    -0.020	    -0.010	     0.010	     0.024
  4.342560	     0.000	    -0.020	     0.000	     0.020
  4.349200	    -0.030	    -0.010	    -0.010	     0.033
  4.355840	     0.010	    -0.030	     0.000	     0.032
  4.362480	     0.000	     0.000	    -0.010	     0.010
  4.369120	    -0.030	     0.010	    -0.030	     0.044
  4.375760	    -0.030	    -0.010	     0.000	     0.032
  4.382400	     0.010	     0.000	    -0.030	     0.032
  4.389040	     0.000	    -0.030	    -0.010	     0.032
  4.395680	     0.000	    -0.020	    -0.030	     0.036
  4.402320	    -0.010	     0.010	    -0.010	     0.017
  4.408960	    -0.010	     0.000	     0.000	     0.010
  4.415600	    -0.010	     0.000	    -0.030	     0.032
  4.422240	     0.010	    -0.010	     0.000	     0.014
  4.428880	    -0.010	    -0.010	    -0.020	     0.024
  4.435520	     0.000	    -0.010	     0.010	     0.014
  4.442160	    -0.020	    -0.020	    -0.020	     0.035
  4.448800	    -0.030	    -0.030	    -0.010	     0.044
  4.455440	     0.020	    -0.030	     0.000	     0.036
  4.462080	    -0.030	     0.000	     0.010	     0.032
  4.468720	    -0.010	    -0.020	    -0.030	     0.037
  4.475360	     0.010	    -0.020	    -0.020	     0.030
  4.482000	    -0.010	     0.010	     0.020	     0.024
  4.488640	     0.000	    -0.040	     0.030	     0.050
  4.495280	    -0.020	    -0.040	    -0.020	     0.049
  4.501920	     0.010	    -0.010	     0.010	     0.017
  4.508560	    -0.020	    -0.030	    -0.010	     0.037
  4.515200	    -0.020	    -0.010	    -0.050	     0.055
  4.521840	    -0.030	    -0.020	     0.000	     0.036
  4.528480	     0.000	    -0.030	     0.000	     0.030
  4.535120	     0.000	    -0.020	    -0.050	     0.054
  4.541760	    -0.010	    -0.040	     0.010	     0.042
  4.548400	     0.000	    -0.010	    -0.010	     0.014
  4.555040	    -0.020	    -0.030	     0.000	     0.036
  4.561680	     0.010	     0.000	    -0.020	     0.022
  4.568320	     0.000	    -0.030	    -0.030	     0.042
  4.574960	     0.030	    -0.020	    -0.030	     0.047
  4.581600	    -0.020	    -0.020	     0.000	     0.028
  4.588240	    -0.010	     0.000	    -0.010	     0.014
  4.594880	     0.010	    -0.030	    -0.020	     0.037
  4.601520	     0.000	    -0.010	    -0.050	     0.051
  4.608160	     0.000	    -0.040	     0.010	     0.041
  4.614800	    -0.010	     0.020	    -0.010	     0.024
  4.621440	    -0.010	    -0.010	    -0.050	     0.052
  4.628080	     0.000	    -0.010	    -0.050	     0.051
  4.634720	     0.010	    -0.050	    -0.020	     0.055
  4.641360	    -0.020	     0.000	     0.010	     0.022
  4.648000	    -0.020	    -0.030	    -0.050	     0.062
  4.654640	    -0.030	     0.010	     0.020	     0.037
  4.661280	    -0.030	     0.010	     0.000	     0.032
  4.667920	     0.020	    -0.040	    -0.030	     0.054
  4.674560	     0.010	    -0.030	    -0.030	     0.044
  4.681200	     0.000	    -0.020	     0.010	     0.022
  4.687840	     0.010	    -0.040	     0.010	     0.042
  4.694480	    -0.010	    -0.010	    -0.030	     0.033
  4.701120	     0.030	    -0.020	     0.000	     0.036
  4.707760	    -0.020	    -0.010	    -0.010	     0.024
  4.714400	    -0.030	    -0.020	    -0.020	     0.041
  4.721040	    -0.020	    -0.030	    -0.030	     0.047
  4.727680	    -0.020	     0.000	    -0.030	     0.036
  4.734320	     0.040	    -0.010	     0.000	     0.041
  4.740960	     0.000	     0.010	     0.000	     0.010
  4.747600	    -0.020	    -0.010	    -0.020	     0.030
  4.754240	     0.000	     0.000	    -0.010	     0.010
  4.760880	    -0.020	    -0.020	    -0.020	     0.035
  4.767520	    -0.030	     0.020	     0.000	     0.036
  4.774160	     0.010	     0.000	     0.010	     0.014
  4.780800	     0.000	    -0.010	    -0.010	     0.014
  4.787440	    -0.020	     0.010	    -0.010	     0.024
  4.794080	     0.000	    -0.020	    -0.030	     0.036
  4.800720	    -0.020	     0.000	    -0.010	     0.022
  4.807360	    -0.020	     0.000	    -0.020	     0.028
  4.814000	    -0.020	    -0.030	     0.000	     0.036
  4.820640	    -0.010	     0.010	    -0.050	     0.052
  4.827280	    -0.050	    -0.020	    -0.010	     0.055
  4.833920	     0.000	    -0.020	     0.000	     0.020
  4.840560	    -0.020	     0.000	     0.000	     0.020
  4.847200	     0.010	     0.010	     0.010	     0.017
  4.853840	     0.000	     0.000	    -0.020	     0.020
  4.860480	     0.010	    -0.050	    -0.020	     0.055
  4.867120	    -0.020	     0.000	     0.010	     0.022
  4.873760	    -0.010	     0.000	     0.000	     0.010
  4.880400	    -0.010	    -0.040	     0.010	     0.042
  4.887040	     0.010	    -0.020	    -0.020	     0.030
  4.893680	    -0.020	    -0.020	    -0.010	     0.030
  4.900320	     0.020	    -0.030	    -0.020	     0.041
  4.906960	     0.020	    -0.020	    -0.020	     0.035
  4.913600	    -0.020	     0.000	    -0.030	     0.036
  4.920240	    -0.010	    -0.010	    -0.020	     0.024
  4.926880	     0.000	    -0.020	    -0.020	     0.028
  4.933520	     0.000	    -0.010	     0.000	     0.010
  4.940160	     0.000	    -0.020	     0.000	     0.020
  4.946800	    -0.060	     0.000	    -0.060	     0.085
  4.953440	    -0.010	    -0.020	     0.020	     0.030
  4.960080	     0.020	     0.000	    -0.030	     0.036
  4.966720	    -0.020	    -0.020	     0.000	     0.028
  4.973360	    -0.010	    -0.010	    -0.010	     0.017
  4.980000	     0.010	    -0.010	     0.000	     0.014
  4.986640	     0.000	     0.010	     0.010	     0.014
  4.993280	     0.020	    -0.040	    -0.010	     0.046
  4.999920	    -0.010	     0.000	    -0.020	     0.022
  5.006560	    -0.020	     0.000	    -0.030	     0.036
  5.013200	     0.010	    -0.010	    -0.030	     0.033
  5.019840	     0.000	    -0.020	    -0.010	     0.022
  5.026480	    -0.020	    -0.010	    -0.020	     0.030
  5.033120	    -0.020	    -0.040	    -0.030	     0.054
  5.039760	    -0.020	    -0.020	    -0.030	     0.041
  5.046400	    -0.010	    -0.030	     0.000	     0.032
  5.053040	     0.000	    -0.030	    -0.010	     0.032
  5.059680	    -0.020	     0.010	     0.030	     0.037
  5.066320	     0.000	     0.010	     0.000	     0.010
  5.072960	    -0.010	    -0.010	    -0.050	     0.052
  5.079600	     0.000	     0.000	    -0.030	     0.030
  5.086240	    -0.030	    -0.010	    -0.020	     0.037
  5.092880	     0.020	    -0.020	    -0.030	     0.041
  5.099520	     0.000	     0.010	    -0.010	     0.014
  5.106160	     0.010	    -0.030	    -0.010	     0.033
  5.112800	     0.030	    -0.020	    -0.050	     0.062
  5.119440	     0.000	     0.000	    -0.030	     0.030
  5.126080	     0.010	    -0.040	     0.000	     0.041
  5.132720	     0.000	    -0.030	    -0.030	     0.042
  5.139360	     0.010	    -0.010	    -0.010	     0.017
  5.146000	    -0.050	     0.010	     0.010	     0.052
  5.152640	    -0.030	     0.000	    -0.020	     0.036
  5.159280	     0.010	    -0.010	     0.010	     0.017
  5.165920	     0.000	    -0.030	    -0.010	     0.032
  5.172560	     0.000	    -0.020	    -0.020	     0.028
  5.179200	     0.000	    -0.020	    -0.010	     0.022
  5.185840	    -0.010	     0.010	    -0.020	     0.024
  5.192480	     0.000	     0.020	    -0.030	     0.036
  5.199120	    -0.030	     0.010	     0.010	     0.033
  5.205760	    -0.010	    -0.010	     0.000	     0.014
  5.212400	    -0.010	     0.000	    -0.020	     0.022
  5.219040	    -0.010	     0.010	     0.010	     0.017
  5.225680	    -0.020	    -0.020	    -0.010	     0.030
  5.232320	    -0.030	     0.000	     0.010	     0.032
  5.238960	    -0.010	    -0.020	    -0.020	     0.030
  5.245600	    -0.020	    -0.030	     0.000	     0.036
  5.252240	     0.000	     0.040	    -0.020	     0.045
  5.258880	    -0.030	    -0.030	    -0.010	     0.044
  5.265520	    -0.020	    -0.030	     0.000	     0.036
  5.272160	     0.010	     0.010	    -0.030	     0.033
  5.278800	    -0.010	    -0.030	     0.000	     0.032
  5.285440	    -0.010	    -0.020	    -0.020	     0.030
  5.292080	     0.000	    -0.040	    -0.060	     0.072
  5.298720	     0.000	    -0.010	    -0.030	     0.032
  5.305360	    -0.010	     0.000	    -0.020	     0.022
  5.312000	     0.000	     0.020	    -0.020	     0.028
  5.318640	     0.010	    -0.010	    -0.020	     0.024
  5.325280	     0.000	    -0.020	    -0.060	     0.063
  5.331920	    -0.030	    -0.030	    -0.030	     0.052
  5.338560	    -0.010	     0.010	     0.010	     0.017
  5.345200	    -0.010	     0.010	     0.000	     0.014
  5.351840	    -0.010	    -0.040	    -0.010	     0.042
  5.358480	    -0.010	    -0.020	    -0.010	     0.024
  5.365120	    -0.020	     0.000	    -0.030	     0.036
  5.371760	    -0.020	    -0.020	    -0.030	     0.041
  5.378400	    -0.010	     0.010	     0.010	     0.017
  5.385040	    -0.030	     0.000	    -0.020	     0.036
  5.391680	    -0.020	     0.000	    -0.030	     0.036
  5.398320	     0.030	    -0.010	    -0.050	     0.059
  5.404960	     0.020	    -0.020	    -0.050	     0.057
  5.411600	     0.000	     0.000	    -0.050	     0.050
  5.418240	    -0.020	    -0.040	    -0.030	     0.054
  5.424880	     0.000	    -0.020	    -0.010	     0.022
  5.431520	     0.000	    -0.020	     0.010	     0.022
  5.438160	     0.000	    -0.020	     0.010	     0.022
  5.444800	     0.000	    -0.020	    -0.020	     0.028
  5.451440	     0.010	    -0.040	    -0.010	     0.042
  5.458080	    -0.020	    -0.010	     0.000	     0.022
  5.464720	     0.000	    -0.010	    -0.010	     0.014
  5.471360	    -0.010	    -0.040	     0.010	     0.042
  5.478000	    -0.060	    -0.030	    -0.050	     0.084
  5.484640	    -0.010	    -0.020	    -0.050	     0.055
  5.491280	    -0.020	    -0.020	    -0.050	     0.057
  5.497920	    -0.010	    -0.010	    -0.050	     0.052
  5.504560	     0.000	    -0.010	    -0.020	     0.022
  5.511200	    -0.030	     0.010	     0.000	     0.032
  5.517840	     0.010	     0.000	    -0.020	     0.022
  5.524480	    -0.010	     0.000	    -0.020	     0.022
  5.531120	    -0.010	    -0.030	    -0.030	     0.044
  5.537760	    -0.010	    -0.040	    -0.020	     0.046
  5.544400	    -0.020	     0.000	    -0.030	     0.036
  5.551040	    -0.020	     0.000	    -0.020	     0.028
  5.557680	     0.000	     0.000	     0.000	     0.000
  5.564320	     0.000	    -0.030	    -0.020	     0.036
  5.570960	    -0.010	    -0.020	    -0.020	     0.030
  5.577600	    -0.010	    -0.020	    -0.070	     0.073
  5.584240	    -0.030	    -0.020	    -0.050	     0.062
  5.590880	    -0.030	    -0.010	     0.010	     0.033
  5.597520	    -0.020	    -0.010	    -0.010	     0.024
  5.604160	    -0.030	     0.000	     0.000	     0.030
  5.610800	    -0.030	     0.000	    -0.020	     0.036
  5.617440	    -0.020	     0.010	     0.010	     0.024
  5.624080	    -0.030	     0.010	    -0.010	     0.033
  5.630720	    -0.030	    -0.030	    -0.010	     0.044
  5.637360	    -0.020	     0.000	    -0.030	     0.036
  5.644000	     0.000	    -0.020	    -0.020	     0.028
